1, 373 points
OBB:   (15.52,-13.91,0.95)  87.7x105.01x0
       <0.277,0.91,-0.309>, <-0.815,0.052,-0.577>, <-0.509,0.412,0.756>
Fast:  (13.58,-13.97,-1.09)  91.37x95.05x55.27
       <0.388,0.904,-0.179>, <-0.384,-0.018,-0.923>, <-0.838,0.427,0.341>
Ratio: V=4554682.508, A=2.062

2, 72 points
OBB:   (-17.44,-30.25,12.86)  23.99x23.99x0
       <-0.727,-0.645,-0.235>, <-0.666,0.581,0.468>, <-0.165,0.497,-0.852>
Fast:  (-17.43,-30.25,12.86)  23.96x23.49x5.1
       <0.94,-0.116,-0.32>, <0.298,0.734,0.61>, <0.164,-0.669,0.725>
Ratio: V=1307127.436, A=1.398

3, 46 points
OBB:   (50.17,23.48,-39.14)  41.47x19.8x0
       <-0.292,0.842,0.454>, <0.707,0.51,-0.49>, <-0.644,0.178,-0.744>
Fast:  (46.3,14.01,-38.17)  12.39x42.63x20.43
       <0.367,-0.597,0.713>, <-0.58,0.453,0.677>, <-0.727,-0.662,-0.181>
Ratio: V=2296624.018, A=2.012

4, 105 points
OBB:   (-26.17,16.74,-19.08)  43.4x21.69x5.74
       <0.684,-0.272,0.677>, <0.18,0.962,0.205>, <-0.707,-0.019,0.707>
Fast:  (-21.02,10.3,-28.85)  35.39x21.66x31.1
       <0.229,0.124,0.966>, <0.524,0.82,-0.229>, <-0.82,0.558,0.123>
Ratio: V=4.408, A=1.932

5, 117 points
OBB:   (41.59,-25.81,47.65)  43.4x21.7x5.74
       <0.683,0.214,-0.698>, <0.426,-0.894,0.142>, <-0.594,-0.394,-0.702>
Fast:  (36.23,-26.47,41.11)  33.29x22.98x31.61
       <0.028,0.068,-0.997>, <-0.285,0.957,0.057>, <0.958,0.282,0.047>
Ratio: V=4.471, A=1.933

6, 56 points
OBB:   (76.29,8.89,37.41)  19.79x22.96x0.44
       <0.924,0.183,0.335>, <0.285,-0.915,-0.287>, <0.254,0.361,-0.897>
Fast:  (75.49,14.78,39.26)  26x24.86x3.31
       <0.863,-0.499,0.073>, <0.385,0.745,0.545>, <-0.326,-0.442,0.836>
Ratio: V=10.7, A=1.721

7, 493 points
OBB:   (-16.64,-73.29,30.65)  55.34x21.25x3.53
       <0.253,-0.922,-0.294>, <-0.871,-0.349,0.345>, <-0.421,0.169,-0.891>
Fast:  (-14.75,-73.87,28.63)  6.15x55.24x22.86
       <-0.247,0.242,-0.938>, <-0.337,0.886,0.318>, <0.908,0.395,-0.137>
Ratio: V=1.87, A=1.205

8, 596 points
OBB:   (-39.44,21.18,-28.79)  49.78x24.12x2.28
       <0.824,0.557,-0.103>, <-0.468,0.565,-0.679>, <-0.32,0.608,0.726>
Fast:  (-40.02,16.86,-29.22)  48.64x25.47x10.34
       <0.685,0.721,-0.105>, <-0.524,0.387,-0.759>, <-0.506,0.575,0.643>
Ratio: V=4.688, A=1.465

9, 34 points
OBB:   (-97.18,23.19,29.23)  38.31x5.67x1.18
       <-0.769,-0.396,-0.501>, <0.29,-0.916,0.278>, <-0.569,0.069,0.819>
Fast:  (-97.25,23.24,29.31)  37.74x9.26x5.74
       <0.636,0.393,0.664>, <-0.706,-0.049,0.706>, <0.31,-0.918,0.246>
Ratio: V=7.819, A=2.3

10, 163 points
OBB:   (55.03,26.79,-26.94)  30.57x12.18x1.85
       <0.526,-0.819,0.228>, <0.712,0.278,-0.645>, <0.465,0.502,0.73>
Fast:  (54.59,26.79,-26.49)  6.99x30.01x12.16
       <-0.101,0.313,0.944>, <-0.605,0.735,-0.308>, <-0.79,-0.602,0.115>
Ratio: V=3.702, A=1.461

11, 271 points
OBB:   (-12.46,37.51,4.55)  34.58x11.04x1.23
       <0.914,-0.212,-0.346>, <0.13,0.961,-0.245>, <0.385,0.179,0.906>
Fast:  (-12.59,37.36,4.29)  34.56x11.09x2.08
       <0.899,-0.224,-0.376>, <0.126,0.955,-0.268>, <0.419,0.194,0.887>
Ratio: V=1.703, A=1.093

12, 183 points
OBB:   (28.06,28.79,46.56)  29.43x29.43x0
       <0.601,0.351,-0.718>, <0.779,-0.46,0.427>, <-0.18,-0.816,-0.55>
Fast:  (28.07,28.79,46.57)  29.32x8.09x28.43
       <0.941,0.117,-0.319>, <0.178,0.63,0.756>, <0.289,-0.768,0.572>
Ratio: V=1360325.161, A=1.502

13, 263 points
OBB:   (8.74,-1.22,10.65)  54.29x18.61x1.64
       <-0.725,0.681,0.099>, <0.478,0.395,0.784>, <0.495,0.616,-0.612>
Fast:  (2.99,-8.32,6.92)  42.26x34.15x16.34
       <0.126,-0.966,-0.227>, <0.988,0.143,-0.059>, <0.09,-0.217,0.972>
Ratio: V=14.242, A=2.382

14, 429 points
OBB:   (30.72,-12.68,4.16)  46.94x23.99x2.28
       <0.391,-0.89,-0.235>, <-0.904,-0.324,-0.277>, <0.17,0.321,-0.932>
Fast:  (19.1,-12.49,2.16)  33.25x43.12x6.05
       <0.599,0.71,0.371>, <-0.793,0.592,0.147>, <-0.115,-0.382,0.917>
Ratio: V=3.384, A=1.472

15, 18 points
OBB:   (64.82,8.94,35.01)  22.46x8.5x0.41
       <-0.718,-0.614,-0.326>, <0.692,-0.676,-0.251>, <-0.066,-0.406,0.911>
Fast:  (63.53,6.49,34.16)  21.11x13.07x8.58
       <0.438,0.792,0.425>, <-0.726,0.59,-0.352>, <-0.53,-0.154,0.834>
Ratio: V=30.597, A=2.796

16, 10 points
OBB:   (71.43,11.49,-33.78)  19.21x15.85x0
       <-0.961,0.027,0.274>, <0.101,0.96,0.26>, <-0.256,0.278,-0.926>
Fast:  (73.08,10.75,-36.13)  17.96x18.82x3.26
       <0.21,0.976,0.063>, <-0.967,0.197,0.163>, <0.147,-0.095,0.985>
Ratio: V=1263837.898, A=1.503

17, 175 points
OBB:   (-64.41,-65.14,6.74)  30.26x7.71x2.65
       <0.644,-0.631,0.431>, <0.498,0.775,0.39>, <-0.58,-0.036,0.814>
Fast:  (-63.2,-64.04,7.12)  18.03x23.97x12.46
       <0.921,0.291,0.259>, <-0.049,0.746,-0.664>, <-0.387,0.599,0.701>
Ratio: V=8.716, A=2.862

18, 88 points
OBB:   (-63.12,1.21,-60.83)  12.7x14.02x0
       <-0.742,-0.667,-0.062>, <-0.522,0.634,-0.571>, <0.42,-0.392,-0.819>
Fast:  (-63.18,0.03,-60.22)  14.21x12.65x4.87
       <0.468,-0.354,0.809>, <0.649,0.76,-0.043>, <-0.6,0.545,0.586>
Ratio: V=1031131.726, A=1.745

19, 271 points
OBB:   (65.1,-44.62,10.1)  25.04x7.91x2.05
       <-0.443,-0.765,-0.468>, <-0.896,0.391,0.209>, <0.023,0.512,-0.859>
Fast:  (65.12,-44.11,9.32)  4.03x24.8x8.29
       <-0.198,-0.537,0.82>, <0.489,0.67,0.558>, <-0.849,0.512,0.13>
Ratio: V=2.04, A=1.275

20, 148 points
OBB:   (44.44,-45.37,68.08)  30.1x8.3x1.86
       <-0.583,-0.34,0.738>, <0.325,-0.93,-0.172>, <0.745,0.14,0.653>
Fast:  (43.34,-46.44,66.71)  16.3x7.62x25.59
       <0.242,0.157,0.958>, <-0.374,0.926,-0.057>, <-0.895,-0.345,0.283>
Ratio: V=6.839, A=2.291

21, 318 points
OBB:   (-61.21,-2.06,-28.97)  36.14x19.75x1.38
       <0.596,-0.493,0.634>, <-0.431,-0.862,-0.265>, <0.677,-0.115,-0.727>
Fast:  (-57.04,3.66,-24.58)  32.63x12.21x26.23
       <0.626,0.191,0.756>, <0.663,0.38,-0.645>, <-0.41,0.905,0.111>
Ratio: V=10.609, A=1.99

22, 316 points
OBB:   (-27.91,34.49,-14.73)  36.23x18.11x1.38
       <0.768,-0.221,0.601>, <0.474,0.827,-0.302>, <-0.43,0.516,0.741>
Fast:  (-28.68,31.62,-11.54)  33.9x13.32x21.09
       <0.472,-0.216,0.855>, <-0.702,0.495,0.512>, <-0.534,-0.842,0.082>
Ratio: V=10.521, A=1.979

23, 34 points
OBB:   (-24.44,-113.12,-62.68)  18.86x5.14x0.93
       <-0.739,0.671,0.064>, <-0.401,-0.361,-0.842>, <-0.542,-0.647,0.536>
Fast:  (-24.9,-113.72,-62.18)  17.04x13.17x5.43
       <0.199,-0.975,-0.094>, <0.975,0.207,-0.078>, <0.095,-0.076,0.993>
Ratio: V=13.479, A=3.257

24, 315 points
OBB:   (-47.91,-23.26,-6.38)  33.32x16.67x1.1
       <-0.817,0.383,0.431>, <-0.575,-0.591,-0.566>, <0.038,-0.71,0.703>
Fast:  (-47.92,-22.12,-4.39)  33.18x16.54x8.22
       <0.752,-0.385,-0.535>, <0.62,0.138,0.772>, <-0.223,-0.913,0.343>
Ratio: V=7.382, A=1.568

25, 318 points
OBB:   (-34.27,30.49,-7.42)  33.07x19.5x0.5
       <0.92,0.054,0.389>, <0.182,0.819,-0.543>, <-0.348,0.571,0.744>
Fast:  (-30.95,30.41,-6.52)  33.03x17.5x7.96
       <0.795,-0.093,0.599>, <0.554,0.511,-0.657>, <-0.245,0.854,0.458>
Ratio: V=14.214, A=1.46

26, 22 points
OBB:   (18.66,49.29,54.38)  21.22x4.73x0.22
       <0.336,0.752,0.567>, <-0.878,0.032,0.478>, <0.341,-0.658,0.671>
Fast:  (18.8,49.25,53.78)  4.61x19.61x9.49
       <0.466,-0.776,0.425>, <0.219,0.566,0.794>, <-0.857,-0.277,0.434>
Ratio: V=38.083, A=3.018

27, 34 points
OBB:   (-75.93,35.8,-61.51)  15.93x5.14x0.93
       <0.376,-0.767,-0.52>, <0.349,-0.402,0.846>, <-0.858,-0.5,0.116>
Fast:  (-76.72,35.36,-61.42)  5.33x16.65x6.66
       <0.46,0.752,-0.472>, <-0.329,0.638,0.696>, <0.825,-0.165,0.541>
Ratio: V=7.743, A=2.318

28, 157 points
OBB:   (-23,-77.57,25.09)  19.41x5.61x1.61
       <-0.804,-0.234,-0.547>, <-0.236,0.969,-0.069>, <0.547,0.074,-0.834>
Fast:  (-23.15,-76.94,24.67)  18.66x6.59x5.94
       <0.622,0.205,0.756>, <-0.621,0.717,0.317>, <-0.477,-0.667,0.573>
Ratio: V=4.176, A=1.83

29, 256 points
OBB:   (-84.31,-22.39,-8.02)  33.93x6.52x3.81
       <0.348,-0.925,0.156>, <-0.892,-0.378,-0.249>, <0.289,-0.052,-0.956>
Fast:  (-84.05,-22.14,-6.74)  5.55x34.05x4.62
       <0.906,0.313,-0.284>, <-0.377,0.902,-0.209>, <0.191,0.296,0.936>
Ratio: V=1.037, A=0.991

30, 35 points
OBB:   (61.24,89,-63.76)  13.31x5.24x0.98
       <-0.485,0.545,-0.684>, <-0.792,0.058,0.608>, <0.371,0.836,0.404>
Fast:  (61.27,89.16,-63.63)  5.28x1.34x13.34
       <-0.758,0.121,0.64>, <-0.427,-0.835,-0.347>, <0.493,-0.537,0.685>
Ratio: V=1.389, A=1.086

31, 21 points
OBB:   (92,10.32,69.77)  19.28x3.54x0.73
       <0.735,-0.538,-0.412>, <-0.501,-0.841,0.204>, <-0.456,0.057,-0.888>
Fast:  (91.8,10.38,69.23)  19.16x4.78x6.62
       <0.519,-0.657,-0.546>, <0.329,0.744,-0.582>, <0.789,0.123,0.602>
Ratio: V=12.155, A=2.948

32, 47 points
OBB:   (37.34,-86.63,-107.58)  5.24x1.01x12.97
       <0.129,-0.539,-0.833>, <-0.99,-0.116,-0.078>, <-0.055,0.835,-0.548>
Fast:  (37.45,-86.51,-107.6)  1.21x13.85x9.07
       <0.994,0.099,0.039>, <-0.031,0.617,-0.787>, <-0.102,0.781,0.616>
Ratio: V=2.218, A=1.776

33, 46 points
OBB:   (-30.93,65.27,49.01)  16.21x20.18x0
       <0.2,0.815,0.544>, <0.94,-0.316,0.127>, <0.276,0.486,-0.829>
Fast:  (-32.44,69.5,51.4)  25.28x13.27x2.39
       <0.913,0.077,0.401>, <-0.304,0.783,0.543>, <-0.272,-0.617,0.738>
Ratio: V=642893.116, A=1.308

34, 34 points
OBB:   (98.46,-10.25,23.24)  10.93x5.57x1.13
       <-0.539,0.47,-0.699>, <-0.789,0.009,0.615>, <0.296,0.883,0.366>
Fast:  (98.77,-9.42,23.46)  8.41x5.72x10.43
       <-0.31,-0.38,-0.872>, <0.807,0.379,-0.452>, <0.502,-0.844,0.189>
Ratio: V=7.304, A=2.46

35, 240 points
OBB:   (-68.15,38.91,-27.77)  19.77x9.78x0.88
       <0.786,0.576,0.224>, <-0.547,0.818,-0.179>, <-0.286,0.018,0.958>
Fast:  (-66.96,34.53,-28.04)  18.7x13.75x3.27
       <0.452,0.862,0.231>, <-0.793,0.506,-0.338>, <-0.409,-0.03,0.912>
Ratio: V=4.952, A=1.657

36, 33 points
OBB:   (68.23,72.08,-100.39)  3.97x14.62x0.91
       <-0.747,-0.125,0.653>, <0.652,-0.329,0.683>, <0.13,0.936,0.327>
Fast:  (68.09,71.46,-100.63)  13.09x2.5x12.24
       <0.083,-0.02,0.996>, <0.509,0.86,-0.025>, <-0.857,0.509,0.081>
Ratio: V=7.607, A=2.982

37, 65 points
OBB:   (-75.58,-46.37,-26.41)  14.16x6.92x0.74
       <-0.19,-0.97,0.15>, <-0.863,0.092,-0.498>, <0.469,-0.224,-0.854>
Fast:  (-73.53,-45.87,-24.5)  5.32x15.28x4.62
       <0.974,-0.055,-0.22>, <-0.021,0.944,-0.33>, <0.226,0.326,0.918>
Ratio: V=5.19, A=1.556

38, 34 points
OBB:   (4.17,88.99,-5.34)  8.77x5.5x1.1
       <0.677,-0.297,0.673>, <0.693,0.566,-0.447>, <-0.248,0.769,0.589>
Fast:  (3.9,89.83,-4.69)  9.54x4.04x8.42
       <0.126,-0.2,0.972>, <0.311,0.938,0.153>, <-0.942,0.283,0.18>
Ratio: V=6.129, A=2.392

39, 90 points
OBB:   (-69.66,-57.06,46.97)  7.52x8.49x0.54
       <0.72,-0.448,-0.53>, <-0.675,-0.63,-0.384>, <-0.162,0.634,-0.756>
Fast:  (-69.25,-56.59,47.54)  8.85x9.61x3.88
       <-0.431,0.419,0.799>, <-0.901,-0.253,-0.353>, <0.054,-0.872,0.486>
Ratio: V=9.522, A=2.159

40, 18 points
OBB:   (-37.72,36.66,58.04)  8.5x7.35x0.09
       <-0.823,-0.287,0.49>, <0.208,-0.955,-0.21>, <0.528,-0.071,0.846>
Fast:  (-38.87,37.62,58.8)  8.93x11.21x2.19
       <0.534,-0.548,-0.644>, <0.495,0.82,-0.288>, <0.686,-0.165,0.709>
Ratio: V=39.943, A=2.259

Overall Volumes: 5284024 / 238208
